real main.ConvEnUsePRIMNE_in[8](t) = [
1971          
0.85          0.84444       0.06667       0.377778      0.17778       0.04255       0             0             
1990          
0.85          0.84444       0.06667       0.377778      0.17778       0.04255       0             0             
2000          
0.85          0.84444       0.06667       0.377778      0.17778       0.04255       0             0             
2005          
0.85          0.84444       0.06667       0.377778      0.17778       0.04255       0             0             
2010          
0.85          0.84444       0.06667       0.377778      0.17778       0.04255       0             0             
2030          
0.85          0.84444       0.06667       0.377778      0.17778       0.04255       0             0             
2050          
0.85          0.84444       0.06667       0.377778      0.17778       0.04255       0             0             
2070          
0.85          0.84444       0.06667       0.377778      0.17778       0.04255       0             0             
2100          
0.85          0.84444       0.06667       0.377778      0.17778       0.04255       0             0
];
