real main.Prodland[27](t) = [
1970, 
     521.1127,     702.5491,     155.5871,     73.60143,     843.1381,       739.46,     70.63078,     792.1415,     385.7815,     77.02377,     309.3349,     135.4645,     77.68605,     84.02333,      174.885,     1021.095,     86.19491,     291.4764,     21.88332,     589.9529,     249.5842,     234.4205,     37.15957,     387.5688,     82.69498,     492.3043,            0,
1980, 
     519.5668,     689.1158,     151.0708,     73.60143,     842.8822,     739.0934,     74.65218,     802.0306,     392.2659,     76.70496,     307.6317,     135.4645,     77.68605,     84.02333,     168.4857,     1039.384,     99.73837,      293.986,     21.88332,     609.9483,     249.8792,     234.4205,     37.15957,     418.3432,     87.50173,     499.6795,            0,
1990, 
     513.6614,     702.7947,     156.3291,     73.60143,     843.4415,     733.5801,     72.43039,     802.7958,     409.6996,     69.31763,     307.2884,     135.4645,     77.68605,     84.02333,     178.0451,     1014.582,     102.5804,     295.2807,     21.88332,      602.755,     249.8792,     234.4205,     37.15957,     394.3534,     88.98886,     488.3179,            0,
2000, 
     536.4485,     712.9942,     156.9714,     73.60143,     843.4415,     736.4668,     72.90413,      800.732,     415.5089,     70.61867,      309.287,     135.4645,     77.68605,     84.02333,     188.3258,     1051.364,     103.8163,     296.0987,     21.88332,     610.7304,     249.8792,     234.4205,     37.15957,     396.9028,      90.4976,     485.1923,            0,
2010, 
     555.1957,     724.4857,     156.6899,     73.60143,     843.4415,     741.0457,     72.63845,     801.6205,     417.6179,     70.61487,      312.117,     135.4645,     77.68605,     84.02333,     196.3358,     1085.643,     107.1324,     296.6184,     21.88332,     620.4918,     249.8792,     234.4205,     37.15957,     393.2723,     92.76387,     481.7629,            0,
2020, 
      575.525,     738.0547,     155.8739,     73.60143,     843.4415,     741.3079,     71.96757,     802.8163,      418.097,     71.08981,     315.0163,     135.4645,     77.68605,     84.02333,     203.8853,       1122.9,     108.6743,     296.3276,     21.88332,     632.4628,     249.8792,     234.4205,     37.15957,     388.5859,     96.32899,      480.054,            0,
2030, 
     594.3328,     755.9037,     154.7585,     73.60143,     843.4415,     744.4971,     71.21584,     803.4167,     419.3064,     70.01725,     320.3231,     135.4645,     77.68605,     84.02333,     214.7706,     1165.767,     107.7471,     295.7605,     21.88332,       649.35,     249.8792,     234.4205,     37.15957,     381.7243,     99.85089,     476.6415,            0,
2040, 
     612.7756,     777.0647,     155.3286,     73.60143,     843.4415,     748.5865,     69.64437,     803.7139,     419.6079,     69.47151,     325.5107,     135.4645,     77.68605,     84.02333,     226.9058,     1213.876,     107.1507,     294.4561,     21.88332,     663.4198,     249.8792,     234.4205,     37.15957,     375.4271,     103.6354,     472.6996,            0,
2050, 
     627.5445,     802.7019,     155.4955,     73.60143,     843.4415,     750.6963,      67.0733,      804.606,     420.5218,     66.25233,      330.441,     135.4645,     77.68605,     84.02333,     236.8161,      1260.63,      105.537,     293.1066,     21.88332,     678.9144,     250.0726,     234.4205,     37.15957,     370.9815,     104.5826,     470.1216,            0,
2060, 
     638.1024,     817.5424,     157.5031,     73.60143,     843.4415,     756.2413,     66.17578,     804.0182,     420.7195,     65.96729,     335.5057,     135.4645,     77.68605,     84.02333,     246.1499,     1300.863,     106.0504,     292.3086,     21.88332,     698.0326,     249.7776,     234.4205,     37.15957,     364.5833,      104.839,     464.4041,            0,
2070, 
     647.9757,     831.3211,     157.7685,     73.60143,     843.4415,     754.7056,     66.12553,     803.8072,     420.1301,     66.50324,     340.4174,     135.4645,     77.44149,     84.02333,     254.4828,         1333,     106.0658,     291.4997,     21.88332,     717.1212,     249.7776,     234.4205,     37.15957,     357.9964,     104.8114,     461.8186,     0.225704,
2080, 
     655.6678,     846.1703,     158.5871,     73.60143,     843.4415,     756.5278,     65.86427,     803.5129,     419.6841,     65.69357,     342.9471,     135.4645,     77.19692,     84.02333,     261.5605,     1355.088,     106.0673,     290.0976,     21.88332,     729.8049,     249.7776,     234.4205,     37.15957,     353.8715,     104.2889,     459.5292,     0.586834,
2090, 
     662.5104,     854.5385,     159.6563,     73.60143,     843.4415,     757.0568,      65.0994,     803.2172,     419.6913,     65.13612,     345.0628,     135.4645,     77.19692,     84.02333,     268.6798,     1378.723,     105.4703,     288.6453,     21.88332,     741.3221,     249.7776,     234.4205,     37.15957,     349.9609,     104.7951,     456.8812,      0.97435,
2100, 
     668.4335,     859.3914,     159.6563,     73.60143,     843.4415,     758.0112,     63.36404,     803.5129,     419.3304,     64.58192,     347.8788,     135.4645,     77.19692,     84.02333,      272.291,     1395.829,     106.2466,     288.0742,     21.88332,     749.7899,     249.7776,     234.4205,     37.15957,     346.3093,     104.5367,     456.3683,      1.32798
];
